{
 "cells": [
  {
   "cell_type": "code",
   "execution_count": 1,
   "metadata": {},
   "outputs": [],
   "source": [
    "import pandas as pd"
   ]
  },
  {
   "cell_type": "code",
   "execution_count": 3,
   "metadata": {},
   "outputs": [
    {
     "data": {
      "text/html": [
       "<div>\n",
       "<style scoped>\n",
       "    .dataframe tbody tr th:only-of-type {\n",
       "        vertical-align: middle;\n",
       "    }\n",
       "\n",
       "    .dataframe tbody tr th {\n",
       "        vertical-align: top;\n",
       "    }\n",
       "\n",
       "    .dataframe thead th {\n",
       "        text-align: right;\n",
       "    }\n",
       "</style>\n",
       "<table border=\"1\" class=\"dataframe\">\n",
       "  <thead>\n",
       "    <tr style=\"text-align: right;\">\n",
       "      <th></th>\n",
       "      <th>$\\mu$</th>\n",
       "      <th>$\\sigma$</th>\n",
       "      <th>h1_error</th>\n",
       "      <th>r2_int</th>\n",
       "      <th>r2_noint</th>\n",
       "      <th>rmse_int</th>\n",
       "      <th>rmse_noint</th>\n",
       "    </tr>\n",
       "  </thead>\n",
       "  <tbody>\n",
       "    <tr>\n",
       "      <th>0</th>\n",
       "      <td>-15.97</td>\n",
       "      <td>3.30</td>\n",
       "      <td>28.793371</td>\n",
       "      <td>0.959318</td>\n",
       "      <td>0.957727</td>\n",
       "      <td>8.291862</td>\n",
       "      <td>8.452432</td>\n",
       "    </tr>\n",
       "    <tr>\n",
       "      <th>1</th>\n",
       "      <td>17.62</td>\n",
       "      <td>4.03</td>\n",
       "      <td>48.641189</td>\n",
       "      <td>-0.075626</td>\n",
       "      <td>-0.083233</td>\n",
       "      <td>39.212338</td>\n",
       "      <td>39.350756</td>\n",
       "    </tr>\n",
       "    <tr>\n",
       "      <th>2</th>\n",
       "      <td>0.13</td>\n",
       "      <td>2.14</td>\n",
       "      <td>113.210657</td>\n",
       "      <td>-0.490160</td>\n",
       "      <td>-0.495669</td>\n",
       "      <td>13.553716</td>\n",
       "      <td>13.578748</td>\n",
       "    </tr>\n",
       "    <tr>\n",
       "      <th>3</th>\n",
       "      <td>7.41</td>\n",
       "      <td>2.62</td>\n",
       "      <td>28.893239</td>\n",
       "      <td>0.969143</td>\n",
       "      <td>0.964738</td>\n",
       "      <td>4.173926</td>\n",
       "      <td>4.461892</td>\n",
       "    </tr>\n",
       "    <tr>\n",
       "      <th>4</th>\n",
       "      <td>-7.62</td>\n",
       "      <td>2.88</td>\n",
       "      <td>133.864435</td>\n",
       "      <td>-2.126456</td>\n",
       "      <td>-2.123619</td>\n",
       "      <td>35.290417</td>\n",
       "      <td>35.274402</td>\n",
       "    </tr>\n",
       "    <tr>\n",
       "      <th>5</th>\n",
       "      <td>-6.03</td>\n",
       "      <td>4.22</td>\n",
       "      <td>26.832771</td>\n",
       "      <td>0.759817</td>\n",
       "      <td>0.759799</td>\n",
       "      <td>47.260404</td>\n",
       "      <td>47.262224</td>\n",
       "    </tr>\n",
       "    <tr>\n",
       "      <th>6</th>\n",
       "      <td>-5.48</td>\n",
       "      <td>3.54</td>\n",
       "      <td>27.166958</td>\n",
       "      <td>0.913536</td>\n",
       "      <td>0.912360</td>\n",
       "      <td>18.798578</td>\n",
       "      <td>18.925991</td>\n",
       "    </tr>\n",
       "    <tr>\n",
       "      <th>7</th>\n",
       "      <td>-1.41</td>\n",
       "      <td>5.00</td>\n",
       "      <td>20.515008</td>\n",
       "      <td>0.988675</td>\n",
       "      <td>0.988236</td>\n",
       "      <td>21.791328</td>\n",
       "      <td>22.210379</td>\n",
       "    </tr>\n",
       "    <tr>\n",
       "      <th>8</th>\n",
       "      <td>-16.58</td>\n",
       "      <td>4.83</td>\n",
       "      <td>60.128616</td>\n",
       "      <td>0.589595</td>\n",
       "      <td>0.588744</td>\n",
       "      <td>70.995731</td>\n",
       "      <td>71.069292</td>\n",
       "    </tr>\n",
       "    <tr>\n",
       "      <th>9</th>\n",
       "      <td>-2.08</td>\n",
       "      <td>3.11</td>\n",
       "      <td>31.905486</td>\n",
       "      <td>0.544749</td>\n",
       "      <td>0.541098</td>\n",
       "      <td>9.408045</td>\n",
       "      <td>9.445701</td>\n",
       "    </tr>\n",
       "    <tr>\n",
       "      <th>10</th>\n",
       "      <td>-3.52</td>\n",
       "      <td>4.72</td>\n",
       "      <td>13.704624</td>\n",
       "      <td>0.990340</td>\n",
       "      <td>0.989899</td>\n",
       "      <td>18.407703</td>\n",
       "      <td>18.823312</td>\n",
       "    </tr>\n",
       "  </tbody>\n",
       "</table>\n",
       "</div>"
      ],
      "text/plain": [
       "    $\\mu$  $\\sigma$    h1_error    r2_int  r2_noint   rmse_int  rmse_noint\n",
       "0  -15.97      3.30   28.793371  0.959318  0.957727   8.291862    8.452432\n",
       "1   17.62      4.03   48.641189 -0.075626 -0.083233  39.212338   39.350756\n",
       "2    0.13      2.14  113.210657 -0.490160 -0.495669  13.553716   13.578748\n",
       "3    7.41      2.62   28.893239  0.969143  0.964738   4.173926    4.461892\n",
       "4   -7.62      2.88  133.864435 -2.126456 -2.123619  35.290417   35.274402\n",
       "5   -6.03      4.22   26.832771  0.759817  0.759799  47.260404   47.262224\n",
       "6   -5.48      3.54   27.166958  0.913536  0.912360  18.798578   18.925991\n",
       "7   -1.41      5.00   20.515008  0.988675  0.988236  21.791328   22.210379\n",
       "8  -16.58      4.83   60.128616  0.589595  0.588744  70.995731   71.069292\n",
       "9   -2.08      3.11   31.905486  0.544749  0.541098   9.408045    9.445701\n",
       "10  -3.52      4.72   13.704624  0.990340  0.989899  18.407703   18.823312"
      ]
     },
     "execution_count": 3,
     "metadata": {},
     "output_type": "execute_result"
    }
   ],
   "source": [
    "results_df = pd.read_csv('../results.csv')\n",
    "results_df"
   ]
  },
  {
   "cell_type": "code",
   "execution_count": 7,
   "metadata": {},
   "outputs": [
    {
     "name": "stdout",
     "output_type": "stream",
     "text": [
      "\\begin{tabular}{rrrrrrr}\n",
      "\\toprule\n",
      "$\\mu$ & $\\sigma$ & h1_error & r2_int & r2_noint & rmse_int & rmse_noint \\\\\n",
      "\\midrule\n",
      "-3.520000 & 4.720000 & 13.704624 & 0.990340 & 0.989899 & 18.407703 & 18.823312 \\\\\n",
      "-1.410000 & 5.000000 & 20.515008 & 0.988675 & 0.988236 & 21.791328 & 22.210379 \\\\\n",
      "7.410000 & 2.620000 & 28.893239 & 0.969143 & 0.964738 & 4.173926 & 4.461892 \\\\\n",
      "-15.970000 & 3.300000 & 28.793371 & 0.959318 & 0.957727 & 8.291862 & 8.452432 \\\\\n",
      "-5.480000 & 3.540000 & 27.166958 & 0.913536 & 0.912360 & 18.798578 & 18.925991 \\\\\n",
      "-6.030000 & 4.220000 & 26.832771 & 0.759817 & 0.759799 & 47.260404 & 47.262224 \\\\\n",
      "-16.580000 & 4.830000 & 60.128616 & 0.589595 & 0.588744 & 70.995731 & 71.069292 \\\\\n",
      "-2.080000 & 3.110000 & 31.905486 & 0.544749 & 0.541098 & 9.408045 & 9.445701 \\\\\n",
      "17.620000 & 4.030000 & 48.641189 & -0.075626 & -0.083233 & 39.212338 & 39.350756 \\\\\n",
      "0.130000 & 2.140000 & 113.210657 & -0.490160 & -0.495669 & 13.553716 & 13.578748 \\\\\n",
      "-7.620000 & 2.880000 & 133.864435 & -2.126456 & -2.123619 & 35.290417 & 35.274402 \\\\\n",
      "\\bottomrule\n",
      "\\end{tabular}\n",
      "\n"
     ]
    }
   ],
   "source": [
    "print(results_df.sort_values(by='r2_int', ascending=False).to_latex(index=False))"
   ]
  },
  {
   "cell_type": "code",
   "execution_count": null,
   "metadata": {},
   "outputs": [],
   "source": []
  },
  {
   "cell_type": "code",
   "execution_count": null,
   "metadata": {},
   "outputs": [],
   "source": []
  },
  {
   "cell_type": "code",
   "execution_count": null,
   "metadata": {},
   "outputs": [],
   "source": []
  },
  {
   "cell_type": "code",
   "execution_count": null,
   "metadata": {},
   "outputs": [],
   "source": []
  }
 ],
 "metadata": {
  "kernelspec": {
   "display_name": "torch-env",
   "language": "python",
   "name": "torch-env"
  },
  "language_info": {
   "codemirror_mode": {
    "name": "ipython",
    "version": 3
   },
   "file_extension": ".py",
   "mimetype": "text/x-python",
   "name": "python",
   "nbconvert_exporter": "python",
   "pygments_lexer": "ipython3",
   "version": "3.10.8"
  }
 },
 "nbformat": 4,
 "nbformat_minor": 4
}
